Date,Num Days,Total Cases,New Cases,Active Cases,Deaths,New Deaths
02/15/2020,1,15,0,12,0,0
02/16/2020,2,15,0,12,0,0
02/17/2020,3,15,0,12,0,0
02/18/2020,4,15,0,12,0,0
02/19/2020,5,15,0,12,0,0
02/20/2020,6,15,0,10,0,0
02/21/2020,7,35,0,29,0,0
02/22/2020,8,35,0,29,0,0
02/23/2020,9,35,0,28,0,0
02/24/2020,10,53,0,48,0,0
02/25/2020,11,57,0,51,0,0
02/26/2020,12,60,0,54,0,0
02/27/2020,13,60,0,54,0,0
02/28/2020,14,63,0,57,0,0
02/29/2020,15,68,0,60,1,1
03/01/2020,16,75,0,65,1,0
03/02/2020,17,100,25,85,6,5
03/03/2020,18,124,24,106,9,3
03/04/2020,19,158,34,138,11,2
03/05/2020,20,221,63,200,12,1
03/06/2020,21,319,98,289,15,3
03/07/2020,22,435,116,401,19,4
03/08/2020,23,541,106,504,22,3
03/09/2020,24,704,163,663,26,4
03/10/2020,25,994,290,949,30,4
03/11/2020,26,1301,307,1248,38,8
03/12/2020,27,1697,396,1625,41,3
03/13/2020,28,2247,550,2157,49,8
03/14/2020,29,2943,696,2830,57,8
03/15/2020,30,3680,737,3353,68,11
03/16/2020,31,4663,983,4503,86,18
03/17/2020,32,6411,1748,6196,109,23
03/18/2020,33,9259,2848,9003,150,41
03/19/2020,34,13789,4530,13474,207,57
03/20/2020,35,19383,5594,18980,256,49
03/21/2020,36,24207,4824,23729,302,46
03/22/2020,37,33566,9359,32975,413,111
03/23/2020,38,43734,10168,42886,553,140
03/24/2020,39,,,,,
